|          energy|          log10jnu|
|          double|            double|
|        Rydbergs|erg/s/cm^2/Hz/ster|
 0.00909449242395     -19.3040485504 
 0.00954607312885     -19.3119925888 
  0.0100150361675     -19.3180771047 
  0.0105069542359     -19.3218565839 
  0.0110229604558     -19.3231785188 
  0.0115643165086     -19.3222027759 
  0.0121324476219     -19.3191336032 
  0.0127272086715     -19.3139024236 
  0.0133519141521     -19.3062574102 
  0.0140087339105     -19.2968331535 
  0.0146955029976     -19.2856692115 
  0.0154190886782     -19.2730643892 
  0.0161744433951     -19.2582685235 
   0.016969611562      -19.240218181 
  0.0178051610176     -19.2188254528 
  0.0186773548039     -19.1950778527 
    0.01959716432     -19.1695298082 
  0.0205564660699      -19.143715648 
  0.0215684767072       -19.12183995 
  0.0226289580551     -19.1008756808 
  0.0237371227111     -19.0758520498 
  0.0249048412375     -19.0517598935 
  0.0261258067913     -19.0317058913 
   0.027406560628     -19.0104805754 
  0.0287557002487     -18.9846222424 
  0.0301644535214     -18.9559919989 
  0.0316522452546     -18.9303364421 
  0.0332094803528     -18.9121315196 
  0.0348344090551     -18.8909268827 
  0.0365530742431     -18.8616914887 
  0.0383369011729      -18.834377034 
  0.0402325890013     -18.8148977867 
   0.042207880541     -18.7989800748 
   0.044279307137      -18.785786964 
  0.0464458787401      -18.775047702 
  0.0487309166246     -18.7665927409 
  0.0511373816431     -18.7621140974 
  0.0536355586157     -18.7644452199 
  0.0562511198074     -18.7678273566 
  0.0590199573109      -18.770935628 
  0.0619488878912     -18.7720061027 
  0.0649513999202     -18.7718374853 
  0.0681576769544      -18.772138521 
  0.0715281115291     -18.7719257255 
  0.0750014930766     -18.7720139836 
  0.0786932764145     -18.7731313678 
  0.0825424040652     -18.7752636212 
  0.0866224468517     -18.7779269672 
   0.090854251334     -18.7824902201 
  0.0953508570556     -18.7865474316 
   0.100029433686     -18.7927936645 
   0.104948536322     -18.8002263205 
   0.110096428764     -18.8066500123 
    0.11551123601     -18.8126540564 
   0.121179274053     -18.8195768153 
   0.127130041975     -18.8266117146 
   0.133382339122     -18.8334663744 
   0.139936753821      -18.841661562 
   0.146789326817     -18.8509377553 
   0.154008474038     -18.8619667303 
   0.161572365404     -18.8746384984 
   0.169506722634     -18.8896499438 
   0.177843118829     -18.9062776015 
   0.186582338428     -18.9224760501 
   0.195719102423     -18.9438577379 
   0.205333064642     -18.9743900993 
   0.215429820539     -19.0101185266 
   0.226008963512     -19.0542744172 
   0.237124158439     -19.0951889058 
   0.248776451237     -19.1124986779 
    0.26095880323     -19.1159093411 
   0.273818551947     -19.1186517568 
   0.287285038108     -19.1210047945 
   0.301345284683     -19.1230822601 
   0.316192970465     -19.1246965229 
   0.331732122636     -19.1241727806 
   0.347945070974     -19.1225014608 
   0.365091402596     -19.1198249266 
   0.383046717478     -19.1168431752 
    0.40179371291     -19.1172478444 
   0.421493127142     -19.1207813017 
   0.442148539971     -19.1238186545 
   0.463985815112     -19.1270819172 
   0.486788536795     -19.1332543389 
   0.510514364639     -19.1423686034 
   0.535724950547     -19.1540653886 
   0.562164183146     -19.1669252746 
   0.589817566913     -19.1783534737 
   0.618647753483     -19.1953585151 
   0.649051382393     -19.2185058575 
   0.681067369866     -19.2496118266 
   0.714159985016     -19.2969091564 
   0.749398142171     -19.5122216029 
   0.786253788507     -19.5826872819 
    0.82467705057     -19.7135449079 
   0.828870158431     -19.7383213653 
    0.83292336881     -19.7566624105 
   0.836970288381     -19.7753212707 
   0.841025676388     -19.7942967993 
   0.845073531183     -19.8136200942 
   0.849128888798     -19.8330493449 
   0.853175426116     -19.8518020923 
   0.857228458835     -19.8697456769 
   0.861279479869      -19.888416147 
   0.865401843191     -19.9078392797 
   0.869580453919     -19.9419450283 
   0.873833129608     -19.9730090036 
   0.878076836462     -20.0012534652 
   0.882327789388     -20.0305553493 
   0.886576972204     -20.0610611713 
   0.888175575907     -20.0412596995 
   0.890832444601     -20.0585166876 
   0.895085004008     -20.0882923664 
   0.899333978979     -20.1160927449 
    0.90357868626     -20.1448860567 
   0.907637590518     -20.1747965687 
   0.912289905574      -20.232312198 
   0.916748463193     -20.2858422659 
    0.92120797493     -20.3351414791 
   0.925666889344     -20.3893594872 
   0.930125505376     -20.4498305826 
   0.934584146158     -20.5183427614 
    0.93703664872     -20.5433173375 
    0.93904315945     -20.5708561999 
   0.943501941199     -20.6382039264 
   0.947960861964     -20.7159035153 
   0.952412354599        -20.8081651 
   0.953132583338     -20.8273749557 
   0.953845914826       -20.84796616 
   0.954559314931     -20.8683536498 
   0.955272781563     -20.8885345498 
   0.955986312626     -20.9084939708 
   0.956699906017     -20.9282297531 
   0.957412553732     -20.9477300884 
   0.958126263945     -20.9669867288 
   0.958840030135     -20.9859944253 
   0.959532632284     -20.9940445594 
   0.960772926701     -21.0248460501 
   0.961993073661     -21.0546310386 
   0.963213269279     -21.0835362918 
   0.964433502118     -21.1115267615 
   0.965653760682     -21.1385693476 
   0.966874033416     -21.1646336747 
   0.968094308707     -21.1896927001 
   0.969314574882     -21.2137236987 
   0.970534820211     -21.2367066797 
   0.971708403583     -21.2514728723 
   0.972494446226     -21.2640203486 
   0.973233946237     -21.2761782731 
   0.973973530764     -21.2879441905 
   0.974713197627     -21.2993193925 
    0.97545190048      -21.310304204 
   0.976191723859     -21.3209000299 
   0.976931622988     -21.3311102755 
   0.977670546744     -21.3409376612 
    0.97841058915      -21.350386498 
   0.979121243022     -21.3542637845 
   0.979627529517      -21.359827107 
   0.980105877163     -21.3652761311 
   0.980583637013     -21.3705753968 
   0.981061862866     -21.3757265936 
   0.981540555404     -21.3807319696 
   0.982018657046     -21.3855920514 
   0.982496165382     -21.3903095199 
   0.982974138322     -21.3948856479 
   0.983452576546     -21.3993238136 
   0.983878364155     -21.3996024311 
   0.984254553004     -21.4023916305 
   0.984578901291     -21.4051449204 
   0.984902398931     -21.4078387794 
   0.985227174409     -21.4104719868 
   0.985551098258     -21.4130477316 
   0.985875235177     -21.4155649881 
   0.986199585377     -21.4180258612 
   0.986524149068     -21.4204295011 
   0.986847857763      -21.422777076 
   0.987182473058     -21.4218088343 
   0.987408172467     -21.4234284148 
   0.987643608792      -21.425022267 
   0.987880228349     -21.4265897144 
   0.988115889867     -21.4281283213 
   0.988351663847     -21.4296398953 
    0.98858755037     -21.4311243357 
   0.988823549516     -21.4325812442 
   0.989059661366     -21.4340125843 
   0.989294811997     -21.4354171059 
    0.98954081972     -21.4340602409 
   0.999197522895     -21.4713829491 
    1.04395479537     -21.5021413577 
    1.09514258007     -21.5363487956 
    1.14899526022     -21.5675471789 
    1.20538113873     -21.5992290058 
    1.26459636536      -21.631526021 
    1.32663872599     -21.6626081191 
    1.39188657535     -21.6920264732 
    1.46013161493     -21.7230845009 
    1.53205807142     -21.7555240448 
    1.60717485164     -21.7899787189 
     1.6862844946     -21.8239655848 
    1.76910918439     -21.8588716105 
    1.85594326045     -21.8920911923 
    1.94715414718     -21.9177059467 
    2.04274409523     -21.9455608465 
    2.14315178946     -21.9744704847 
    2.24837932613     -22.0027768867 
    2.35835440186     -22.0266196703 
     2.4742550662     -22.0435622674 
    2.59620552957     -22.0533569902 
    2.72345529253     -22.0540727911 
    2.85753571929     -22.0501668542 
    2.99759256868     -22.3012645247 
    3.14447253582     -22.3679981897 
    3.29930536162     -22.4597388678 
    3.31548666511     -22.4743280922 
    3.33168129426     -22.4851186839 
    3.34788730337     -22.4960916657 
    3.36409028644     -22.5072038532 
    3.38030039424     -22.5184990843 
    3.39650289561     -22.5306179203 
    3.41270809476     -22.5437869909 
    3.42891383534       -22.55755839 
    3.44511791947      -22.571695186 
    3.46095002233     -22.5861142613 
    3.47832181568     -22.6035989022 
    3.49531911151     -22.6191071336 
    3.51232088341     -22.6349891558 
    3.52932482651     -22.6511989491 
    3.54632859025     -22.6678720331 
    3.55408791295     -22.5626113217 
     3.5633297784     -22.5691857522 
    3.58032594906     -22.5822917353 
    3.59732881548      -22.596169827 
    3.61432191269     -22.6104583022 
    3.63199737298       -22.62508755 
     3.6491596223     -22.6374959124 
    3.66700123088     -22.6531783471 
    3.68482444968     -22.6694637196 
    3.70267131855     -22.6862962561 
    3.72049442654     -22.7039390356 
    3.73833658463     -22.7222895088 
    3.74853204805     -22.6683851813 
     3.7561648965     -22.6754075641 
     3.7740077648     -22.6917765518 
    3.79184739238     -22.7088612383 
     3.8096494184     -22.7265186938 
    3.81253432104      -22.716518921 
    3.81539164663      -22.719287342 
    3.81823725972     -22.7220764039 
    3.82108712065      -22.724886194 
    3.82394123891     -22.7277146798 
    3.82679962407     -22.7305644444 
    3.82964619136      -22.733433436 
    3.83249699664     -22.7363217099 
     3.8353520494     -22.7392275523 
    3.83853471306     -22.6996499541 
    3.84309981056     -22.7041854864 
    3.84796823248     -22.7086858982 
    3.85284900464     -22.7132295249 
    3.85774217409     -22.7178108254 
    3.86261504273     -22.7224282012 
    3.86750023716     -22.7270818931 
    3.87238134869     -22.7317727457 
    3.87725829953     -22.7364966917 
    3.88213101161     -22.7412540552 
    3.88766271707     -22.7156952371 
    3.88996948224     -22.7184570999 
    3.89292746966      -22.721144982 
    3.89588995909     -22.7238429023 
    3.89885696081     -22.7265486307 
    3.90181177855     -22.7292645369 
     3.9047710784     -22.7319905051 
    3.90771811336     -22.7347223076 
    3.91068638263     -22.7374664533 
     3.9136423566     -22.7402165194 
    3.91606420662      -22.720389034 
    3.91850590561     -22.7219903427 
    3.92042772523      -22.723672902 
    3.92233454805     -22.7253573902 
    3.92424322667     -22.7270440035 
    3.92615376378     -22.7287348669 
     3.9280661621     -22.7304276699 
    3.92998042437     -22.7321224095 
    3.93189655329     -22.7338216376 
    3.93381455161     -22.7355249751 
    3.93636345953     -22.7196534985 
    3.93702671673     -22.7207636568 
    3.93831986032     -22.7218668019 
    3.93961385368     -22.7229727562 
    3.94090869763     -22.7240792333 
    3.94220439303     -22.7251862301 
    3.94350094071     -22.7262939419 
    3.94479834151     -22.7274042872 
    3.94609659627     -22.7285151541 
    3.94739570584     -22.7296265395 
    3.94830217019     -22.7168389516 
    3.94963696951     -22.7175451765 
    3.95057871685     -22.7183279018 
     3.9515209134     -22.7191095704 
    3.95246355947     -22.7198907613 
    3.95340665539     -22.7206752505 
    3.95435020148     -22.7214569784 
    3.95529419806     -22.7222420135 
    3.95623864546     -22.7230263721 
      3.957183544     -22.7238121498 
    3.95859314023     -22.7133686034 
    3.99679009158     -22.7449392169 
    4.19359475785     -22.9596670937 
    4.39801226293     -23.0483085665 
    4.61401590319     -23.0793153385 
    4.84201987715     -23.0928756169 
    5.07953255786     -23.1025162694 
    5.32905345544     -23.1118794505 
    5.59060209129     -23.1219087369 
    5.86401635058     -23.1327104151 
    6.15305969534      -23.144271683 
    6.45374037451     -23.1566365071 
    6.77522781324     -23.1696735196 
    7.10263554856     -23.1832407762 
    7.45718609558     -23.1972904764 
    7.82204412773     -23.2115795837 
    8.20223349127     -23.2261041228 
    8.60498716601     -23.2405824478 
    9.03139881943     -23.2549079574 
    9.47362658156     -23.2691221538 
    9.93966122251     -23.2830523401 
     10.427602024     -23.2968120439 
     10.939593528     -23.3102962943 
    11.4769287264     -23.3237233561 
    12.0410695148     -23.3370985471 
    12.6319398514      -23.350589876 
      13.25288163     -23.3643041411 
    13.9039997083     -23.3783440118 
    14.5849574405     -23.3928437536 
    15.3025716353     -23.4078443674 
    16.0547593531     -23.4235823293 
    16.8410301401     -23.4400317242 
      17.67050884      -23.457221145 
    18.5367807339     -23.4752376299 
    19.4466099206     -23.4937864045 
    20.4045710005     -23.5133044677 
    21.4063458041     -23.5337156618 
    22.4560902139     -23.5552494288 
    23.5591556587      -23.577578353 
    24.7157076452     -23.6008998711 
    25.9325025862     -23.6249954092 
    27.2020340561     -23.6497139207 
    28.5395596893     -23.6752896864 
    29.9463733447     -23.7015541358 
     31.412207545     -23.7283465083 
    32.9572564514      -23.755867129 
     34.570111566     -23.7839053697 
     36.276597965     -23.8124429482 
    38.0487741495     -23.8412029129 
    39.9153806781     -23.8706561411 
    41.8781314743     -23.9001774793 
    43.9377117107     -23.9303387116 
     46.093482088     -23.9603669456 
    48.3687972866     -23.9908855412 
    50.7387606281     -24.0216110892 
     53.228279257     -24.0524941112 
    55.8375086324     -24.0835124654 
    58.6024527897     -24.1146918627 
    61.4476157033     -24.1459578682 
    64.4917297155     -24.1773466641 
    67.6516808374     -24.2087692974 
    70.9710390094     -24.2402079896 
    74.4500115098     -24.2716591666 
    78.0863873933     -24.3031887064 
    81.9485738202     -24.3348018591 
    85.9686925359      -24.366265807 
     90.224568404     -24.3976856346 
    94.6280520125     -24.4289838886 
    99.2774965552       -24.46041904 
    104.156834024     -24.4917173748 
    109.277867955     -24.5228467739 
    114.639343424     -24.5538861387 
    120.267670698     -24.5849282859 
    126.179471183     -24.6156487851 
    132.374802568     -24.6460424902 
     138.87048779     -24.6762267277 
    145.686353458     -24.7063948034 
    152.846048454     -24.7357733772 
    160.349840028     -24.7649597813 
    168.223766085     -24.7933562007 
    176.499736758     -24.8208307656 
    185.179463703     -24.8468606378 
    194.258823466     -24.8693939577 
    203.817522004     -24.8848491079 
    213.812327752     -24.8970993313 
    224.339768804     -24.9082963682 
     235.34817688     -24.9187079275 
     246.88922809     -24.9293435302 
    259.030170802     -24.9383902768 
    271.695927513      -24.947596429 
    285.038517635     -24.9581836424 
    299.070607443     -24.9690354133 
    313.797569174     -24.9789579013 
    329.215368815     -24.9890396538 
    345.308124623     -24.9988855873 
    362.333256811     -25.0094846453 
    380.170271539     -25.0205960399 
    398.804438022     -25.0322129268 
    418.396758898     -25.0442617975 
    438.953825087     -25.0567944746 
    460.468994886      -25.070316284 
    483.175048187     -25.0856020009 
    506.823215172     -25.1018892048 
    531.661692462     -25.1169732561 
    557.691640686     -25.1279921713 
    585.271766782     -25.1360523719 
    614.062089542     -25.1443307432 
    644.005753272     -25.1520808065 
    675.513818295     -25.1592244756 
    709.158086288     -25.1669284051 
    743.892359902     -25.1751019023 
    780.195326096     -25.1831615567 
    818.749452722      -25.190631998 
    858.876664355     -25.1974054757 
    901.353255074     -25.2038574604 
    945.298901328     -25.2100604364 
    991.694570552     -25.2162756901 
    1040.37919954      -25.222514912 
    1091.46980582     -25.2286916703 
    1145.09693501     -25.2348829524 
    1201.40822792     -25.2415488167 
     1260.3985351     -25.2488574435 
    1322.21146384     -25.2568467549 
    1387.22505843     -25.2657928233 
    1455.23497426     -25.2759916565 
    1526.66801957     -25.2877118962 
    1601.80724359     -25.3007183746 
    1680.37643533     -25.3146638765 
    1762.94861846     -25.3293660491 
    1849.53955933     -25.3452478367 
    1940.51989114     -25.3626410537 
    2035.89843807      -25.380760025 
    2135.61786004     -25.3994500055 
    2240.63963826     -25.4195508178 
    2350.44658468     -25.4409971222 
    2466.21959643     -25.4632944216 
    2587.35985486     -25.4853357471 
    2714.53125076     -25.5074247008 
    2847.71294025     -25.5308450435 
    2987.76439633     -25.5549768107 
    3133.65935653     -25.5791799473 
    3288.58946546     -25.6030672296 
    3449.16026071      -25.627055258 
    3619.01565083      -25.651827779 
      3796.950587      -25.677101185 
    3982.81530105     -25.7030025618 
    4178.21247538      -25.729168328 
    4383.20414084     -25.7555255623 
     4600.0410948     -25.7819835058 
    4826.63210212     -25.8092937308 
    5062.60078267     -25.8369685697 
     5310.4204014     -25.8648790604 
    5573.50544881       -25.89334616 
    5845.20937062     -25.9216610713 
    6132.35626433      -25.949945406 
    6435.50946949     -25.9793718526 
    6750.13437689     -26.0097663166 
     7080.5605352      -26.039978285 
    7426.79821418      -26.069912359 
    7795.27922053     -26.1002949472 
     8180.1448912     -26.1307718808 
    8580.67929266     -26.1620229216 
    8995.73683001     -26.1949317462 
     9442.2147019     -26.2278164851 
    9905.08848783     -26.2598655386 
    10391.9277099     -26.2915556372 
    10902.9449734     -26.3238907039 
    11438.0336498     -26.3574329222 
    11999.8438357     -26.3907651367 
    12588.3152491     -26.4236028215 
    13206.7846504     -26.4565002215 
     13855.376933     -26.4895059779 
    14536.1005085     -26.5224588639 
    15251.3496382     -26.5554446711 
    15998.3873048     -26.5882439981 
    16785.1932378     -26.6213413131 
    17609.0462006     -26.6549896918 
    18476.6451922     -26.6893184137 
    19380.4368541     -26.7249983049 
    20336.2673707     -26.7612952312 
     21331.183073     -26.7973495769 
    22378.8836169     -26.8339441871 
    23480.2406823     -26.8710222477 
     24635.526923     -26.9090606939 
    25844.2467635     -26.9483669703 
    27113.0062743     -26.9878073616 
    28441.5774307      -27.027814489 
    29838.5114892     -27.0681217721 
    31304.2988966     -27.1098249148 
    32838.4915632      -27.153465571 
    34452.4816968     -27.1982390812 
    36147.0900785     -27.2431684232 
     37922.103241     -27.2882393355 
    39793.3685974     -27.3339732557 
    41743.8452075     -27.3813956283 
    43789.9154676     -27.4303855725 
    45954.0161815     -27.4812164759 
    48189.7483279     -27.5344237501 
    50569.8191387     -27.5891006878 
    53042.3830547     -27.6454131786 
     55666.960347     -27.7030213868 
    58377.2031313     -27.7620694202 
       61241.1385     -27.8236459347 
    64264.3258731     -27.8865754875 
    67401.4897101     -27.9511413419 
    70750.6320559     -28.0178722788 
     74207.503329     -28.0862069433 
    77819.6533629      -28.156979813 
    81654.8513333     -28.2301227103 
    85726.0715786     -28.3055789248 
    89868.6529468     -28.3837371734 
    94314.6492321     -28.4645800585 
     98943.337772      -28.549054176 
    103800.904531      -28.636811529 
    108899.156415     -28.7277937967 
    114251.271424     -28.8241503789 
    119856.391014     -28.9221997657 
    125744.189441     -29.0197403095 
    131934.000417     -29.1189491321 
    138406.461252     -29.2149620349 
     145198.87522     -29.3063636711 
    152335.028566     -29.3902308372 
    159815.528039     -29.4620990504 
    167666.631257     -29.5214494379 
    175886.535588      -29.568250565 
    184541.948335     -29.6014912516 
    193598.500293     -29.6341986038 
    203090.737883     -29.6667567749 
     213112.28739     -29.6995378891 
    223569.220039     -29.7321547771 
    234560.654023     -29.7648868997 
     246022.71622     -29.7975317415 
     258149.61498     -29.8302048022 
    270807.768464     -29.8629411685 
     284149.71652     -29.8956071578 
    298092.293386     -29.9283461057 
    312720.707234     -29.9609680655 
    328030.288294     -29.9936284683 
     344134.49429              -30.0 
    361041.260254              -30.0 
    378748.188229              -30.0 
    397413.057514              -30.0 
    416865.572223              -30.0 
    437478.704215              -30.0 
    458845.992387              -30.0 
    481388.347005              -30.0 
    505137.550377              -30.0 
    529807.058651              -30.0 
    555990.323905              -30.0 
    583398.297619              -30.0 
    612000.094614              -30.0 
    3672987.26675              -30.0 
