|          energy|          log10jnu|
|          double|            double|
|        Rydbergs|erg/s/cm^2/Hz/ster|
 0.00909449242395     -19.4587745488 
 0.00954607312885     -19.4667185872 
  0.0100150361675     -19.4728031031 
  0.0105069542359     -19.4765825823 
  0.0110229604558     -19.4779045172 
  0.0115643165086     -19.4769287743 
  0.0121324476219     -19.4738596016 
  0.0127272086715      -19.468628422 
  0.0133519141521     -19.4609834086 
  0.0140087339105     -19.4515591519 
  0.0146955029976     -19.4403952099 
  0.0154190886782     -19.4277903876 
  0.0161744433951     -19.4129945219 
   0.016969611562     -19.3949441794 
  0.0178051610176     -19.3735514512 
  0.0186773548039     -19.3498038511 
    0.01959716432     -19.3242558066 
  0.0205564660699     -19.2984416464 
  0.0215684767072     -19.2765659484 
  0.0226289580551     -19.2556016792 
  0.0237371227111     -19.2305780482 
  0.0249048412375     -19.2064858919 
  0.0261258067913     -19.1864318897 
   0.027406560628     -19.1652065738 
  0.0287557002487     -19.1393482408 
  0.0301644535214     -19.1107179973 
  0.0316522452546     -19.0850624405 
  0.0332094803528      -19.066857518 
  0.0348344090551     -19.0456528811 
  0.0365530742431     -19.0164174871 
  0.0383369011729     -18.9891030324 
  0.0402325890013     -18.9696237851 
   0.042207880541     -18.9537060732 
   0.044279307137     -18.9405129624 
  0.0464458787401     -18.9297737004 
  0.0487309166246     -18.9213187393 
  0.0511373816431     -18.9168400958 
  0.0536355586157     -18.9191712183 
  0.0562511198074      -18.922553355 
  0.0590199573109     -18.9256616264 
  0.0619488878912     -18.9267321011 
  0.0649513999202     -18.9265634837 
  0.0681576769544     -18.9268645194 
  0.0715281115291     -18.9266517239 
  0.0750014930766      -18.926739982 
  0.0786932764145     -18.9278573662 
  0.0825424040652     -18.9299896196 
  0.0866224468517     -18.9326529656 
   0.090854251334     -18.9372162185 
  0.0953508570556       -18.94127343 
   0.100029433686     -18.9475196629 
   0.104948536322     -18.9549523189 
   0.110096428764     -18.9613760107 
    0.11551123601     -18.9673800547 
   0.121179274053     -18.9743028137 
   0.127130041975      -18.981337713 
   0.133382339122     -18.9881923728 
   0.139936753821     -18.9963875604 
   0.146789326817     -19.0056637537 
   0.154008474038     -19.0166927287 
   0.161572365404     -19.0293644968 
   0.169506722634     -19.0443759422 
   0.177843118829     -19.0610035999 
   0.186582338428     -19.0772020485 
   0.195719102423     -19.0985837363 
   0.205333064642     -19.1291160977 
   0.215429820539      -19.164844525 
   0.226008963512     -19.2090004156 
   0.237124158439     -19.2499149042 
   0.248776451237     -19.2672246763 
    0.26095880323     -19.2706353395 
   0.273818551947     -19.2733777552 
   0.287285038108     -19.2757307929 
   0.301345284683     -19.2778082585 
   0.316192970465     -19.2794225213 
   0.331732122636      -19.278898779 
   0.347945070974     -19.2772274592 
   0.365091402596      -19.274550925 
   0.383046717478     -19.2715691735 
    0.40179371291     -19.2719738428 
   0.421493127142     -19.2755073001 
   0.442148539971     -19.2785446529 
   0.463985815112     -19.2818079156 
   0.486788536795     -19.2879803373 
   0.510514364639     -19.2970946018 
   0.535724950547      -19.308791387 
   0.562164183146      -19.321651273 
   0.589817566913     -19.3330794721 
   0.618647753483     -19.3500845134 
   0.649051382393     -19.3732318559 
   0.681067369866      -19.404337825 
   0.714159985016     -19.4516351548 
   0.749398142171     -19.6669476013 
   0.786253788507     -19.7374132803 
    0.82467705057     -19.8682709063 
   0.828870158431     -19.8930473637 
    0.83292336881     -19.9113884089 
   0.836970288381     -19.9300472691 
   0.841025676388     -19.9490227977 
   0.845073531183     -19.9683460926 
   0.849128888798     -19.9877753433 
   0.853175426116     -20.0065280907 
   0.857228458835     -20.0244716753 
   0.861279479869     -20.0431421454 
   0.865401843191      -20.062565278 
   0.869580453919     -20.0966710267 
   0.873833129608      -20.127735002 
   0.878076836462     -20.1559794635 
   0.882327789388     -20.1852813477 
   0.886576972204     -20.2157871697 
   0.888175575907     -20.1959856979 
   0.890832444601      -20.213242686 
   0.895085004008     -20.2430183648 
   0.899333978979     -20.2708187433 
    0.90357868626     -20.2996120551 
   0.907637590518      -20.329522567 
   0.912289905574     -20.3870381964 
   0.916748463193     -20.4405682643 
    0.92120797493     -20.4898674775 
   0.925666889344     -20.5440854856 
   0.930125505376      -20.604556581 
   0.934584146158     -20.6730687598 
    0.93703664872     -20.6980433358 
    0.93904315945     -20.7255821983 
   0.943501941199     -20.7929299248 
   0.947960861964     -20.8706295137 
   0.952412354599     -20.9628910984 
   0.953132583338     -20.9821009541 
   0.953845914826     -21.0026921584 
   0.954559314931     -21.0230796482 
   0.955272781563     -21.0432605482 
   0.955986312626     -21.0632199692 
   0.956699906017     -21.0829557515 
   0.957412553732     -21.1024560868 
   0.958126263945     -21.1217127272 
   0.958840030135     -21.1407204237 
   0.959532632284     -21.1487705578 
   0.960772926701     -21.1795720485 
   0.961993073661      -21.209357037 
   0.963213269279     -21.2382622902 
   0.964433502118     -21.2662527599 
   0.965653760682      -21.293295346 
   0.966874033416     -21.3193596731 
   0.968094308707     -21.3444186985 
   0.969314574882     -21.3684496971 
   0.970534820211     -21.3914326781 
   0.971708403583     -21.4061988707 
   0.972494446226      -21.418746347 
   0.973233946237     -21.4309042715 
   0.973973530764     -21.4426701889 
   0.974713197627     -21.4540453909 
    0.97545190048     -21.4650302024 
   0.976191723859     -21.4756260283 
   0.976931622988     -21.4858362739 
   0.977670546744     -21.4956636596 
    0.97841058915     -21.5051124964 
   0.979121243022     -21.5089897829 
   0.979627529517     -21.5145531054 
   0.980105877163     -21.5200021295 
   0.980583637013     -21.5253013952 
   0.981061862866      -21.530452592 
   0.981540555404      -21.535457968 
   0.982018657046     -21.5403180498 
   0.982496165382     -21.5450355183 
   0.982974138322     -21.5496116463 
   0.983452576546      -21.554049812 
   0.983878364155     -21.5543284295 
   0.984254553004     -21.5571176289 
   0.984578901291     -21.5598709188 
   0.984902398931     -21.5625647778 
   0.985227174409     -21.5651979852 
   0.985551098258       -21.56777373 
   0.985875235177     -21.5702909865 
   0.986199585377     -21.5727518596 
   0.986524149068     -21.5751554995 
   0.986847857763     -21.5775030743 
   0.987182473058     -21.5765348327 
   0.987408172467     -21.5781544132 
   0.987643608792     -21.5797482654 
   0.987880228349     -21.5813157128 
   0.988115889867     -21.5828543197 
   0.988351663847     -21.5843658937 
    0.98858755037     -21.5858503341 
   0.988823549516     -21.5873072426 
   0.989059661366     -21.5887385827 
   0.989294811997     -21.5901431043 
    0.98954081972     -21.5887862393 
   0.999197522895     -21.6261089475 
    1.04395479537     -21.6335152391 
    1.09514258007     -21.6417364627 
    1.14899526022     -21.6468753809 
    1.20538113873     -21.6525495148 
    1.26459636536     -21.6588121078 
    1.32663872599     -21.6638932792 
    1.39188657535     -21.6672476639 
    1.46013161493     -21.6723204937 
    1.53205807142     -21.6786560092 
    1.60717485164     -21.6871258071 
     1.6862844946     -21.6950280249 
    1.76910918439     -21.7039043124 
    1.85594326045      -21.711111322 
    1.94715414718     -21.7106815277 
    2.04274409523     -21.7125193902 
    2.14315178946     -21.7153803191 
    2.24837932613     -21.7176659059 
    2.35835440186     -21.7155843321 
     2.4742550662     -21.7064826805 
    2.59620552957     -21.6901591503 
    2.72345529253     -21.6648984765 
    2.85753571929     -21.6349032678 
    2.99759256868     -21.8600247688 
    3.14447253582     -21.9007894307 
    3.29930536162     -21.9664367252 
    3.31548666511     -21.9783699837 
    3.33168129426     -21.9865153691 
    3.34788730337     -21.9948541262 
    3.36409028644     -22.0033452978 
    3.38030039424     -22.0120309626 
    3.39650289561     -22.0215539323 
    3.41270809476     -22.0321390611 
    3.42891383534     -22.0433386735 
    3.44511791947       -22.05491607 
    3.46095002233     -22.0668460998 
    3.47832181568     -22.0816126998 
    3.49531911151     -22.0944745925 
    3.51232088341     -22.1077224218 
    3.52932482651     -22.1213104086 
    3.54632859025     -22.1353743149 
    3.55408791295     -22.0289271124 
     3.5633297784     -22.0340917291 
    3.58032594906      -22.044614526 
    3.59732881548     -22.0559206548 
    3.61432191269     -22.0676507621 
    3.63199737298     -22.0796316412 
     3.6491596223     -22.0894808348 
    3.66700123088     -22.1025155258 
    3.68482444968     -22.1161687152 
    3.70267131855      -22.130378302 
    3.72049442654     -22.1454142112 
    3.73833658463      -22.161167506 
    3.74853204805     -22.1057846445 
     3.7561648965     -22.1117027504 
     3.7740077648     -22.1254990635 
    3.79184739238     -22.1400236738 
     3.8096494184     -22.1551384276 
    3.81253432104      -22.144727717 
    3.81539164663     -22.1470894347 
    3.81823725972     -22.1494737631 
    3.82108712065     -22.1518785177 
    3.82394123891     -22.1543016657 
    3.82679962407     -22.1567457895 
    3.82964619136     -22.1592111185 
    3.83249699664     -22.1616954293 
     3.8353520494     -22.1641970079 
    3.83853471306      -22.124169112 
    3.84309981056      -22.128059405 
    3.84796823248     -22.1318725491 
    3.85284900464     -22.1357280369 
    3.85774217409     -22.1396203251 
    3.86261504273     -22.1435524152 
    3.86750023716     -22.1475199552 
    3.87238134869     -22.1515260945 
    3.87725829953     -22.1555667722 
    3.88213101161     -22.1596423191 
    3.88766271707     -22.1333105109 
    3.88996948224     -22.1357503556 
    3.89292746966       -22.13802559 
    3.89588995909     -22.1403105488 
    3.89885696081     -22.1426030012 
    3.90181177855      -22.144907641 
     3.9047710784     -22.1472220311 
    3.90771811336     -22.1495442711 
    3.91068638263     -22.1518762152 
     3.9136423566     -22.1542160982 
    3.91606420662     -22.1340527777 
    3.91850590561     -22.1353157091 
    3.92042772523     -22.1367320856 
    3.92233454805     -22.1381525971 
    3.92424322667     -22.1395751052 
    3.92615376378     -22.1410017349 
     3.9280661621     -22.1424301755 
    3.92998042437      -22.143860424 
    3.93189655329      -22.145295032 
    3.93381455161     -22.1467336204 
    3.93636345953     -22.1305105072 
    3.93702671673     -22.1315292028 
    3.93831986032     -22.1324540684 
    3.93961385368     -22.1333816846 
    3.94090869763     -22.1343097651 
    3.94220439303     -22.1352383066 
    3.94350094071     -22.1361675044 
    3.94479834151     -22.1370992769 
    3.94609659627     -22.1380315124 
    3.94739570584     -22.1389642075 
    3.94830217019     -22.1260519718 
    3.94963696951     -22.1265747007 
    3.95057871685     -22.1272280005 
     3.9515209134     -22.1278802129 
    3.95246355947     -22.1285319165 
    3.95340665539     -22.1291868876 
    3.95435020148     -22.1298390665 
    3.95529419806     -22.1304945216 
    3.95623864546     -22.1311492693 
      3.957183544     -22.1318054052 
    3.95859314023     -22.1211685171 
    3.99679009158     -22.1475260403 
    4.19359475785     -22.3361600162 
    4.39801226293     -22.3989640199 
    4.61401590319     -22.4039424781 
    4.84201987715     -22.3913184053 
    5.07953255786     -22.3749625824 
    5.32905345544     -22.3582928531 
    5.59060209129      -22.342311507 
    5.86401635058     -22.3271924478 
    6.15305969534     -22.3126337708 
    6.45374037451     -22.2990981426 
    6.77522781324     -22.2857446397 
    7.10263554856     -22.2736923613 
    7.45718609558     -22.2612977484 
    7.82204412773      -22.249655255 
    8.20223349127      -22.238414961 
    8.60498716601     -22.2268706625 
    9.03139881943     -22.2149401797 
    9.47362658156     -22.2032028243 
    9.93966122251     -22.1910638604 
     10.427602024     -22.2048235643 
     10.939593528     -22.2183078146 
    11.4769287264     -22.2317348765 
    12.0410695148     -22.2451100674 
    12.6319398514     -22.2586013964 
      13.25288163     -22.2723156615 
    13.9039997083     -22.2863555322 
    14.5849574405      -22.300855274 
    15.3025716353     -22.3158558878 
    16.0547593531     -22.3315938497 
    16.8410301401     -22.3480432446 
      17.67050884     -22.3652326654 
    18.5367807339     -22.3832491503 
    19.4466099206     -22.4017979248 
    20.4045710005      -22.421315988 
    21.4063458041     -22.4417271822 
    22.4560902139     -22.4632609491 
    23.5591556587     -22.4855898733 
    24.7157076452     -22.5089113915 
    25.9325025862     -22.5330069296 
    27.2020340561     -22.5577254411 
    28.5395596893     -22.5833012067 
    29.9463733447     -22.6095656562 
     31.412207545     -22.6363580287 
    32.9572564514     -22.6638786494 
     34.570111566     -22.6919168901 
     36.276597965     -22.7204544686 
    38.0487741495     -22.7492144332 
    39.9153806781     -22.7786676615 
    41.8781314743     -22.8081889997 
    43.9377117107      -22.838350232 
     46.093482088      -22.868378466 
    48.3687972866     -22.8988970616 
    50.7387606281     -22.9296226096 
     53.228279257     -22.9605056316 
    55.8375086324     -22.9915239857 
    58.6024527897     -23.0227033831 
    61.4476157033     -23.0539693886 
    64.4917297155     -23.0853581845 
    67.6516808374     -23.1167808178 
    70.9710390094       -23.14821951 
    74.4500115098      -23.179670687 
    78.0863873933     -23.2112002268 
    81.9485738202     -23.2428133795 
    85.9686925359     -23.2742773274 
     90.224568404     -23.3056971549 
    94.6280520125     -23.3369954089 
    99.2774965552     -23.3684305604 
    104.156834024     -23.3997288951 
    109.277867955     -23.4308582942 
    114.639343424      -23.461897659 
    120.267670698     -23.4929398063 
    126.179471183     -23.5236603055 
    132.374802568     -23.5540540106 
     138.87048779      -23.584238248 
    145.686353458     -23.6144063237 
    152.846048454     -23.6437848976 
    160.349840028     -23.6729713017 
    168.223766085     -23.7013677211 
    176.499736758      -23.728842286 
    185.179463703     -23.7548721582 
    194.258823466     -23.7774054781 
    203.817522004     -23.7928606283 
    213.812327752     -23.8051108517 
    224.339768804     -23.8163078886 
     235.34817688     -23.8267194479 
     246.88922809     -23.8373550506 
    259.030170802     -23.8464017971 
    271.695927513     -23.8556079493 
    285.038517635     -23.8661951628 
    299.070607443     -23.8770469337 
    313.797569174     -23.8869694217 
    329.215368815     -23.8970511741 
    345.308124623     -23.9068971077 
    362.333256811     -23.9174961656 
    380.170271539     -23.9286075603 
    398.804438022     -23.9402244471 
    418.396758898     -23.9522733179 
    438.953825087      -23.964805995 
    460.468994886     -23.9783278043 
    483.175048187     -23.9936135213 
    506.823215172     -24.0099007251 
    531.661692462     -24.0249847765 
    557.691640686     -24.0360036917 
    585.271766782     -24.0440638922 
    614.062089542     -24.0523422636 
    644.005753272     -24.0600923269 
    675.513818295      -24.067235996 
    709.158086288     -24.0749399254 
    743.892359902     -24.0831134227 
    780.195326096      -24.091173077 
    818.749452722     -24.0986435184 
    858.876664355     -24.1054169961 
    901.353255074     -24.1118689808 
    945.298901328     -24.1180719568 
    991.694570552     -24.1242872105 
    1040.37919954     -24.1305264324 
    1091.46980582     -24.1367031907 
    1145.09693501     -24.1428944728 
    1201.40822792     -24.1495603371 
     1260.3985351     -24.1568689639 
    1322.21146384     -24.1648582752 
    1387.22505843     -24.1738043437 
    1455.23497426     -24.1840031769 
    1526.66801957     -24.1957234166 
    1601.80724359      -24.208729895 
    1680.37643533     -24.2226753969 
    1762.94861846     -24.2373775695 
    1849.53955933     -24.2532593571 
    1940.51989114     -24.2706525741 
    2035.89843807     -24.2887715453 
    2135.61786004     -24.3074615259 
    2240.63963826     -24.3275623382 
    2350.44658468     -24.3490086426 
    2466.21959643      -24.371305942 
    2587.35985486     -24.3933472675 
    2714.53125076     -24.4154362212 
    2847.71294025     -24.4388565638 
    2987.76439633      -24.462988331 
    3133.65935653     -24.4871914677 
    3288.58946546       -24.51107875 
    3449.16026071     -24.5350667783 
    3619.01565083     -24.5598392993 
      3796.950587     -24.5851127054 
    3982.81530105     -24.6110140821 
    4178.21247538     -24.6371798484 
    4383.20414084     -24.6635370827 
     4600.0410948     -24.6899950261 
    4826.63210212     -24.7173052512 
    5062.60078267     -24.7449800901 
     5310.4204014     -24.7728905807 
    5573.50544881     -24.8013576804 
    5845.20937062     -24.8296725917 
    6132.35626433     -24.8579569263 
    6435.50946949     -24.8873833729 
    6750.13437689      -24.917777837 
     7080.5605352     -24.9479898053 
    7426.79821418     -24.9779238794 
    7795.27922053     -25.0083064675 
     8180.1448912     -25.0387834012 
    8580.67929266      -25.070034442 
    8995.73683001     -25.1029432666 
     9442.2147019     -25.1358280055 
    9905.08848783     -25.1678770589 
    10391.9277099     -25.1995671576 
    10902.9449734     -25.2319022243 
    11438.0336498     -25.2654444426 
    11999.8438357     -25.2987766571 
    12588.3152491     -25.3316143419 
    13206.7846504     -25.3645117419 
     13855.376933     -25.3975174983 
    14536.1005085     -25.4304703843 
    15251.3496382     -25.4634561914 
    15998.3873048     -25.4962555185 
    16785.1932378     -25.5293528334 
    17609.0462006     -25.5630012122 
    18476.6451922     -25.5973299341 
    19380.4368541     -25.6330098252 
    20336.2673707     -25.6693067516 
     21331.183073     -25.7053610973 
    22378.8836169     -25.7419557075 
    23480.2406823     -25.7790337681 
     24635.526923     -25.8170722143 
    25844.2467635     -25.8563784907 
    27113.0062743      -25.895818882 
    28441.5774307     -25.9358260094 
    29838.5114892     -25.9761332924 
    31304.2988966     -26.0178364351 
    32838.4915632     -26.0614770913 
    34452.4816968     -26.1062506016 
    36147.0900785     -26.1511799436 
     37922.103241     -26.1962508559 
    39793.3685974     -26.2419847761 
    41743.8452075     -26.2894071487 
    43789.9154676     -26.3383970929 
    45954.0161815     -26.3892279963 
    48189.7483279     -26.4424352705 
    50569.8191387     -26.4971122081 
    53042.3830547     -26.5534246989 
     55666.960347     -26.6110329072 
    58377.2031313     -26.6700809406 
       61241.1385      -26.731657455 
    64264.3258731     -26.7945870079 
    67401.4897101     -26.8591528623 
    70750.6320559     -26.9258837992 
     74207.503329     -26.9942184637 
    77819.6533629     -27.0649913333 
    81654.8513333     -27.1381342306 
    85726.0715786     -27.2135904451 
    89868.6529468     -27.2917486937 
    94314.6492321     -27.3725915789 
     98943.337772     -27.4570656964 
    103800.904531     -27.5448230494 
    108899.156415     -27.6358053171 
    114251.271424     -27.7321618993 
    119856.391014     -27.8302112861 
    125744.189441     -27.9277518299 
    131934.000417     -28.0269606525 
    138406.461252     -28.1229735552 
     145198.87522     -28.2143751915 
    152335.028566     -28.2982423575 
    159815.528039     -28.3701105708 
    167666.631257     -28.4294609583 
    175886.535588     -28.4762620853 
    184541.948335      -28.509502772 
    193598.500293     -28.5422101242 
    203090.737883     -28.5747682953 
     213112.28739     -28.6075494095 
    223569.220039     -28.6401662975 
    234560.654023     -28.6728984201 
     246022.71622     -28.7055432619 
     258149.61498     -28.7382163225 
    270807.768464     -28.7709526889 
     284149.71652     -28.8036186781 
    298092.293386     -28.8363576261 
    312720.707234     -28.8689795859 
    328030.288294     -28.9016399887 
     344134.49429     -28.9080115204 
    361041.260254     -28.9080115204 
    378748.188229     -28.9080115204 
    397413.057514     -28.9080115204 
    416865.572223     -28.9080115204 
    437478.704215     -28.9080115204 
    458845.992387     -28.9080115204 
    481388.347005     -28.9080115204 
    505137.550377     -28.9080115204 
    529807.058651     -28.9080115204 
    555990.323905     -28.9080115204 
    583398.297619     -28.9080115204 
    612000.094614     -28.9080115204 
    3672987.26675     -28.9080115204 
