|          energy|          log10jnu|
|          double|            double|
|        Rydbergs|erg/s/cm^2/Hz/ster|
 0.00909449242395     -19.2049865479 
 0.00954607312885     -19.2129305863 
  0.0100150361675     -19.2190151022 
  0.0105069542359     -19.2227945814 
  0.0110229604558     -19.2241165163 
  0.0115643165086     -19.2231407734 
  0.0121324476219     -19.2200716008 
  0.0127272086715     -19.2148404212 
  0.0133519141521     -19.2071954078 
  0.0140087339105      -19.197771151 
  0.0146955029976     -19.1866072091 
  0.0154190886782     -19.1740023868 
  0.0161744433951      -19.159206521 
   0.016969611562     -19.1411561785 
  0.0178051610176     -19.1197634503 
  0.0186773548039     -19.0960158502 
    0.01959716432     -19.0704678058 
  0.0205564660699     -19.0446536455 
  0.0215684767072     -19.0227779475 
  0.0226289580551     -19.0018136783 
  0.0237371227111     -18.9767900474 
  0.0249048412375      -18.952697891 
  0.0261258067913     -18.9326438888 
   0.027406560628      -18.911418573 
  0.0287557002487     -18.8855602399 
  0.0301644535214     -18.8569299964 
  0.0316522452546     -18.8312744396 
  0.0332094803528     -18.8130695171 
  0.0348344090551     -18.7918648802 
  0.0365530742431     -18.7626294862 
  0.0383369011729     -18.7353150315 
  0.0402325890013     -18.7158357843 
   0.042207880541     -18.6999180723 
   0.044279307137     -18.6867249615 
  0.0464458787401     -18.6759856995 
  0.0487309166246     -18.6675307384 
  0.0511373816431      -18.663052095 
  0.0536355586157     -18.6653832174 
  0.0562511198074     -18.6687653541 
  0.0590199573109     -18.6718736256 
  0.0619488878912     -18.6729441002 
  0.0649513999202     -18.6727754828 
  0.0681576769544     -18.6730765186 
  0.0715281115291      -18.672863723 
  0.0750014930766     -18.6729519811 
  0.0786932764145     -18.6740693653 
  0.0825424040652     -18.6762016187 
  0.0866224468517     -18.6788649648 
   0.090854251334     -18.6834282176 
  0.0953508570556     -18.6874854291 
   0.100029433686      -18.693731662 
   0.104948536322      -18.701164318 
   0.110096428764     -18.7075880099 
    0.11551123601     -18.7135920539 
   0.121179274053     -18.7205148128 
   0.127130041975     -18.7275497121 
   0.133382339122     -18.7344043719 
   0.139936753821     -18.7425995596 
   0.146789326817     -18.7518757528 
   0.154008474038     -18.7629047279 
   0.161572365404     -18.7755764959 
   0.169506722634     -18.7905879413 
   0.177843118829      -18.807215599 
   0.186582338428     -18.8234140476 
   0.195719102423     -18.8447957355 
   0.205333064642     -18.8753280968 
   0.215429820539     -18.9110565241 
   0.226008963512     -18.9552124147 
   0.237124158439     -18.9961269033 
   0.248776451237     -19.0134366755 
    0.26095880323     -19.0168473387 
   0.273818551947     -19.0195897544 
   0.287285038108      -19.021942792 
   0.301345284683     -19.0240202577 
   0.316192970465     -19.0256345204 
   0.331732122636     -19.0251107781 
   0.347945070974     -19.0234394584 
   0.365091402596     -19.0207629241 
   0.383046717478     -19.0177811727 
    0.40179371291     -19.0181858419 
   0.421493127142     -19.0217192992 
   0.442148539971      -19.024756652 
   0.463985815112     -19.0280199148 
   0.486788536795     -19.0341923364 
   0.510514364639      -19.043306601 
   0.535724950547     -19.0550033862 
   0.562164183146     -19.0678632721 
   0.589817566913     -19.0792914713 
   0.618647753483     -19.0962965126 
   0.649051382393      -19.119443855 
   0.681067369866     -19.1505498242 
   0.714159985016      -19.197847154 
   0.749398142171     -19.4131596004 
   0.786253788507     -19.4836252794 
    0.82467705057     -19.6144829054 
   0.828870158431     -19.6392593628 
    0.83292336881      -19.657600408 
   0.836970288381     -19.6762592683 
   0.841025676388     -19.6952347968 
   0.845073531183     -19.7145580917 
   0.849128888798     -19.7339873424 
   0.853175426116     -19.7527400899 
   0.857228458835     -19.7706836744 
   0.861279479869     -19.7893541445 
   0.865401843191     -19.8087772772 
   0.869580453919     -19.8428830258 
   0.873833129608     -19.8739470012 
   0.878076836462     -19.9021914627 
   0.882327789388     -19.9314933468 
   0.886576972204     -19.9619991689 
   0.888175575907      -19.942197697 
   0.890832444601     -19.9594546851 
   0.895085004008     -19.9892303639 
   0.899333978979     -20.0170307425 
    0.90357868626     -20.0458240543 
   0.907637590518     -20.0757345662 
   0.912289905574     -20.1332501955 
   0.916748463193     -20.1867802635 
    0.92120797493     -20.2360794766 
   0.925666889344     -20.2902974847 
   0.930125505376     -20.3507685801 
   0.934584146158     -20.4192807589 
    0.93703664872      -20.444255335 
    0.93904315945     -20.4717941975 
   0.943501941199     -20.5391419239 
   0.947960861964     -20.6168415129 
   0.952412354599     -20.7091030975 
   0.953132583338     -20.7283129532 
   0.953845914826     -20.7489041576 
   0.954559314931     -20.7692916473 
   0.955272781563     -20.7894725474 
   0.955986312626     -20.8094319683 
   0.956699906017     -20.8291677507 
   0.957412553732     -20.8486680859 
   0.958126263945     -20.8679247263 
   0.958840030135     -20.8869324228 
   0.959532632284     -20.8949825569 
   0.960772926701     -20.9257840476 
   0.961993073661     -20.9555690361 
   0.963213269279     -20.9844742894 
   0.964433502118     -21.0124647591 
   0.965653760682     -21.0395073451 
   0.966874033416     -21.0655716722 
   0.968094308707     -21.0906306976 
   0.969314574882     -21.1146616962 
   0.970534820211     -21.1376446773 
   0.971708403583     -21.1524108699 
   0.972494446226     -21.1649583461 
   0.973233946237     -21.1771162706 
   0.973973530764      -21.188882188 
   0.974713197627       -21.20025739 
    0.97545190048     -21.2112422015 
   0.976191723859     -21.2218380275 
   0.976931622988      -21.232048273 
   0.977670546744     -21.2418756587 
    0.97841058915     -21.2513244955 
   0.979121243022      -21.255201782 
   0.979627529517     -21.2607651045 
   0.980105877163     -21.2662141287 
   0.980583637013     -21.2715133943 
   0.981061862866     -21.2766645911 
   0.981540555404     -21.2816699672 
   0.982018657046     -21.2865300489 
   0.982496165382     -21.2912475175 
   0.982974138322     -21.2958236454 
   0.983452576546     -21.3002618111 
   0.983878364155     -21.3005404286 
   0.984254553004      -21.303329628 
   0.984578901291      -21.306082918 
   0.984902398931      -21.308776777 
   0.985227174409     -21.3114099843 
   0.985551098258     -21.3139857291 
   0.985875235177     -21.3165029856 
   0.986199585377     -21.3189638588 
   0.986524149068     -21.3213674987 
   0.986847857763     -21.3237150735 
   0.987182473058     -21.3227468318 
   0.987408172467     -21.3243664124 
   0.987643608792     -21.3259602645 
   0.987880228349      -21.327527712 
   0.988115889867     -21.3290663189 
   0.988351663847     -21.3305778929 
    0.98858755037     -21.3320623332 
   0.988823549516     -21.3335192418 
   0.989059661366     -21.3349505818 
   0.989294811997     -21.3363551034 
    0.98954081972     -21.3349982384 
   0.999197522895     -21.3723209467 
    1.04395479537     -21.4217610487 
    1.09514258007     -21.4767574581 
    1.14899526022     -21.5288034136 
    1.20538113873     -21.5812913949 
    1.26459636536     -21.6344159478 
    1.32663872599     -21.6862987873 
    1.39188657535     -21.7365683168 
    1.46013161493     -21.7884145029 
    1.53205807142     -21.8417372696 
    1.60717485164     -21.8969798446 
     1.6862844946     -21.9518344291 
    1.76910918439     -22.0075642452 
    1.85594326045     -22.0615938847 
    1.94715414718     -22.1080442782 
    2.04274409523     -22.1567128079 
    2.14315178946     -22.2064614134 
    2.24837932613     -22.2555844675 
    2.35835440186     -22.3001667371 
     2.4742550662     -22.3379447331 
    2.59620552957     -22.3686340583 
    2.72345529253      -22.390131039 
    2.85753571929     -22.4070965195 
    2.99759256868     -22.6789751257 
    3.14447253582     -22.7664839931 
    3.29930536162     -22.8790993781 
    3.31548666511     -22.8958133753 
    3.33168129426     -22.9087201319 
    3.34788730337     -22.9218004936 
    3.36409028644     -22.9350094937 
    3.38030039424     -22.9483923779 
    3.39650289561      -22.962587907 
    3.41270809476      -22.977824131 
    3.42891383534     -22.9936529595 
    3.44511791947      -23.009837275 
    3.46095002233     -23.0262475868 
    3.47832181568     -23.0459066603 
    3.49531911151     -23.0635319628 
    3.51232088341     -23.0815213392 
    3.52932482651     -23.0998285778 
    3.54632859025      -23.118589004 
    3.55408791295     -23.0142774854 
     3.5633297784      -23.021979767 
    3.58032594906      -23.037152299 
    3.59732881548     -23.0530879611 
    3.61432191269     -23.0694231305 
    3.63199737298     -23.0861710733 
     3.6491596223     -23.1006267707 
    3.66700123088     -23.1184274003 
    3.68482444968     -23.1368185195 
    3.70267131855     -23.1557494156 
    3.72049442654     -23.1754776915 
    3.73833658463     -23.1959059072 
    3.74853204805     -23.1431844071 
     3.7561648965     -23.1510902112 
     3.7740077648     -23.1695173387 
    3.79184739238     -23.1886500861 
     3.8096494184     -23.2083417031 
    3.81253432104     -23.1986706805 
    3.81539164663     -23.2017644641 
    3.81823725972     -23.2048773127 
    3.82108712065     -23.2080111312 
    3.82394123891     -23.2111638874 
    3.82679962407     -23.2143381646 
    3.82964619136     -23.2175300863 
    3.83249699664     -23.2207415306 
     3.8353520494     -23.2239707842 
    3.83853471306      -23.184753424 
    3.84309981056     -23.1898051478 
    3.84796823248     -23.1948553737 
    3.85284900464     -23.1999495115 
    3.85774217409     -23.2050820218 
    3.86261504273     -23.2102476262 
    3.86750023716     -23.2154502396 
    3.87238134869     -23.2206888629 
    3.87725829953     -23.2259594235 
    3.88213101161     -23.2312622403 
    3.88766271707     -23.2063218143 
    3.88996948224     -23.2093412917 
    3.89292746966     -23.2123592919 
    3.89588995909     -23.2153875814 
    3.89885696081     -23.2184239306 
    3.90181177855     -23.2214688499 
     3.9047710784     -23.2245240806 
    3.90771811336     -23.2275835331 
    3.91068638263     -23.2306574399 
     3.9136423566     -23.2337356526 
    3.91606420662     -23.2141768353 
    3.91850590561     -23.2160488459 
    3.92042772523     -23.2179443514 
    3.92233454805      -23.219840021 
    3.92424322667     -23.2217379184 
    3.92615376378     -23.2236401687 
     3.9280661621     -23.2255444616 
    3.92998042437     -23.2274507941 
    3.93189655329     -23.2293617183 
    3.93381455161     -23.2312768551 
    3.93636345953     -23.2156866877 
    3.93702671673     -23.2168700163 
    3.93831986032      -23.218115785 
    3.93961385368     -23.2193644097 
    3.94090869763     -23.2206136042 
    3.94220439303     -23.2218633652 
    3.94350094071     -23.2231138882 
    3.94479834151     -23.2243670916 
    3.94609659627     -23.2256208638 
    3.94739570584     -23.2268752014 
    3.94830217019     -23.2141873317 
    3.94963696951     -23.2150403533 
    3.95057871685      -23.215926619 
     3.9515209134     -23.2168118528 
    3.95246355947     -23.2176966334 
    3.95340665539     -23.2185847371 
    3.95435020148     -23.2194701042 
    3.95529419806     -23.2203588032 
    3.95623864546     -23.2212468505 
      3.957183544     -23.2221363417 
    3.95859314023     -23.2118474687 
    3.99679009158     -23.2475885545 
    4.19359475785     -23.4831915519 
    4.39801226293         -23.592503 
    4.61401590319     -23.6443324231 
    4.84201987715     -23.6788401824 
    5.07953255786     -23.7092780153 
    5.32905345544     -23.7394675247 
    5.59060209129     -23.7703053171 
    5.86401635058     -23.8018435852 
    6.15305969534     -23.8343008091 
    6.45374037451      -23.867385995 
    6.77522781324     -23.9015354199 
    7.10263554856     -23.9355983044 
    7.45718609558     -23.9708034551 
    7.82204412773     -24.0058378429 
    8.20223349127     -24.0409742484 
    8.60498716601     -24.0762706722 
    9.03139881943     -24.1116009757 
    9.47362658156     -24.1465764137 
    9.93966122251       -24.18136192 
     10.427602024     -24.1951216239 
     10.939593528     -24.2086058742 
    11.4769287264     -24.2220329361 
    12.0410695148      -24.235408127 
    12.6319398514     -24.2488994559 
      13.25288163     -24.2626137211 
    13.9039997083     -24.2766535918 
    14.5849574405     -24.2911533336 
    15.3025716353     -24.3061539473 
    16.0547593531     -24.3218919093 
    16.8410301401     -24.3383413041 
      17.67050884     -24.3555307249 
    18.5367807339     -24.3735472098 
    19.4466099206     -24.3920959844 
    20.4045710005     -24.4116140476 
    21.4063458041     -24.4320252418 
    22.4560902139     -24.4535590087 
    23.5591556587     -24.4758879329 
    24.7157076452      -24.499209451 
    25.9325025862     -24.5233049891 
    27.2020340561     -24.5480235007 
    28.5395596893     -24.5735992663 
    29.9463733447     -24.5998637158 
     31.412207545     -24.6266560883 
    32.9572564514      -24.654176709 
     34.570111566     -24.6822149497 
     36.276597965     -24.7107525281 
    38.0487741495     -24.7395124928 
    39.9153806781      -24.768965721 
    41.8781314743     -24.7984870593 
    43.9377117107     -24.8286482916 
     46.093482088     -24.8586765256 
    48.3687972866     -24.8891951211 
    50.7387606281     -24.9199206692 
     53.228279257     -24.9508036911 
    55.8375086324     -24.9818220453 
    58.6024527897     -25.0130014427 
    61.4476157033     -25.0442674482 
    64.4917297155     -25.0756562441 
    67.6516808374     -25.1070788774 
    70.9710390094     -25.1385175696 
    74.4500115098     -25.1699687465 
    78.0863873933     -25.2014982864 
    81.9485738202      -25.233111439 
    85.9686925359      -25.264575387 
     90.224568404     -25.2959952145 
    94.6280520125     -25.3272934685 
    99.2774965552       -25.35872862 
    104.156834024     -25.3900269547 
    109.277867955     -25.4211563538 
    114.639343424     -25.4521957186 
    120.267670698     -25.4832378659 
    126.179471183     -25.5139583651 
    132.374802568     -25.5443520702 
     138.87048779     -25.5745363076 
    145.686353458     -25.6047043833 
    152.846048454     -25.6340829572 
    160.349840028     -25.6632693613 
    168.223766085     -25.6916657807 
    176.499736758     -25.7191403456 
    185.179463703     -25.7451702178 
    194.258823466     -25.7677035376 
    203.817522004     -25.7831586878 
    213.812327752     -25.7954089113 
    224.339768804     -25.8066059482 
     235.34817688     -25.8170175075 
     246.88922809     -25.8276531102 
    259.030170802     -25.8366998567 
    271.695927513     -25.8459060089 
    285.038517635     -25.8564932223 
    299.070607443     -25.8673449933 
    313.797569174     -25.8772674813 
    329.215368815     -25.8873492337 
    345.308124623     -25.8971951672 
    362.333256811     -25.9077942252 
    380.170271539     -25.9189056198 
    398.804438022     -25.9305225067 
    418.396758898     -25.9425713775 
    438.953825087     -25.9551040546 
    460.468994886     -25.9686258639 
    483.175048187     -25.9839115809 
    506.823215172     -26.0001987847 
    531.661692462     -26.0152828361 
    557.691640686     -26.0263017512 
    585.271766782     -26.0343619518 
    614.062089542     -26.0426403232 
    644.005753272     -26.0503903865 
    675.513818295     -26.0575340556 
    709.158086288      -26.065237985 
    743.892359902     -26.0734114823 
    780.195326096     -26.0814711366 
    818.749452722      -26.088941578 
    858.876664355     -26.0957150557 
    901.353255074     -26.1021670403 
    945.298901328     -26.1083700164 
    991.694570552       -26.11458527 
    1040.37919954      -26.120824492 
    1091.46980582     -26.1270012502 
    1145.09693501     -26.1331925324 
    1201.40822792     -26.1398583967 
     1260.3985351     -26.1471670235 
    1322.21146384     -26.1551563348 
    1387.22505843     -26.1641024033 
    1455.23497426     -26.1743012365 
    1526.66801957     -26.1860214762 
    1601.80724359     -26.1990279546 
    1680.37643533     -26.2129734565 
    1762.94861846     -26.2276756291 
    1849.53955933     -26.2435574167 
    1940.51989114     -26.2609506336 
    2035.89843807     -26.2790696049 
    2135.61786004     -26.2977595855 
    2240.63963826     -26.3178603978 
    2350.44658468     -26.3393067022 
    2466.21959643     -26.3616040016 
    2587.35985486     -26.3836453271 
    2714.53125076     -26.4057342808 
    2847.71294025     -26.4291546234 
    2987.76439633     -26.4532863906 
    3133.65935653     -26.4774895273 
    3288.58946546     -26.5013768095 
    3449.16026071     -26.5253648379 
    3619.01565083     -26.5501373589 
      3796.950587      -26.575410765 
    3982.81530105     -26.6013121417 
    4178.21247538      -26.627477908 
    4383.20414084     -26.6538351423 
     4600.0410948     -26.6802930857 
    4826.63210212     -26.7076033107 
    5062.60078267     -26.7352781497 
     5310.4204014     -26.7631886403 
    5573.50544881     -26.7916557399 
    5845.20937062     -26.8199706513 
    6132.35626433     -26.8482549859 
    6435.50946949     -26.8776814325 
    6750.13437689     -26.9080758966 
     7080.5605352     -26.9382878649 
    7426.79821418     -26.9682219389 
    7795.27922053     -26.9986045271 
     8180.1448912     -27.0290814608 
    8580.67929266     -27.0603325016 
    8995.73683001     -27.0932413261 
     9442.2147019     -27.1261260651 
    9905.08848783     -27.1581751185 
    10391.9277099     -27.1898652172 
    10902.9449734     -27.2222002839 
    11438.0336498     -27.2557425022 
    11999.8438357     -27.2890747167 
    12588.3152491     -27.3219124014 
    13206.7846504     -27.3548098015 
     13855.376933     -27.3878155578 
    14536.1005085     -27.4207684438 
    15251.3496382      -27.453754251 
    15998.3873048     -27.4865535781 
    16785.1932378      -27.519650893 
    17609.0462006     -27.5532992717 
    18476.6451922     -27.5876279937 
    19380.4368541     -27.6233078848 
    20336.2673707     -27.6596048112 
     21331.183073     -27.6956591569 
    22378.8836169     -27.7322537671 
    23480.2406823     -27.7693318277 
     24635.526923     -27.8073702738 
    25844.2467635     -27.8466765503 
    27113.0062743     -27.8861169416 
    28441.5774307     -27.9261240689 
    29838.5114892      -27.966431352 
    31304.2988966     -28.0081344947 
    32838.4915632     -28.0517751509 
    34452.4816968     -28.0965486612 
    36147.0900785     -28.1414780032 
     37922.103241     -28.1865489154 
    39793.3685974     -28.2322828357 
    41743.8452075     -28.2797052082 
    43789.9154676     -28.3286951525 
    45954.0161815     -28.3795260559 
    48189.7483279       -28.43273333 
    50569.8191387     -28.4874102677 
    53042.3830547     -28.5437227585 
     55666.960347     -28.6013309668 
    58377.2031313     -28.6603790001 
       61241.1385     -28.7219555146 
    64264.3258731     -28.7848850674 
    67401.4897101     -28.8494509219 
    70750.6320559     -28.9161818588 
     74207.503329     -28.9845165233 
    77819.6533629     -29.0552893929 
    81654.8513333     -29.1284322902 
    85726.0715786     -29.2038885047 
    89868.6529468     -29.2820467533 
    94314.6492321     -29.3628896385 
     98943.337772      -29.447363756 
    103800.904531     -29.5351211089 
    108899.156415     -29.6261033767 
    114251.271424     -29.7224599589 
    119856.391014     -29.8205093457 
    125744.189441     -29.9180498894 
    131934.000417      -30.017258712 
    138406.461252     -30.1132716148 
     145198.87522     -30.2046732511 
    152335.028566     -30.2885404171 
    159815.528039     -30.3604086304 
    167666.631257     -30.4197590178 
    175886.535588     -30.4665601449 
    184541.948335     -30.4998008316 
    193598.500293     -30.5325081838 
    203090.737883     -30.5650663549 
     213112.28739     -30.5978474691 
    223569.220039     -30.6304643571 
    234560.654023     -30.6631964797 
     246022.71622     -30.6958413214 
     258149.61498     -30.7285143821 
    270807.768464     -30.7612507484 
     284149.71652     -30.7939167377 
    298092.293386     -30.8266556857 
    312720.707234     -30.8592776455 
    328030.288294     -30.8919380483 
     344134.49429       -30.89830958 
    361041.260254       -30.89830958 
    378748.188229       -30.89830958 
    397413.057514       -30.89830958 
    416865.572223       -30.89830958 
    437478.704215       -30.89830958 
    458845.992387       -30.89830958 
    481388.347005       -30.89830958 
    505137.550377       -30.89830958 
    529807.058651       -30.89830958 
    555990.323905       -30.89830958 
    583398.297619       -30.89830958 
    612000.094614       -30.89830958 
    3672987.26675       -30.89830958 
