|          energy|          log10jnu|
|          double|            double|
|        Rydbergs|erg/s/cm^2/Hz/ster|
 0.00909449242395     -19.5761638206 
 0.00954607312885      -19.584107859 
  0.0100150361675      -19.590192375 
  0.0105069542359     -19.5939718541 
  0.0110229604558      -19.595293789 
  0.0115643165086     -19.5943180461 
  0.0121324476219     -19.5912488735 
  0.0127272086715     -19.5860176939 
  0.0133519141521     -19.5783726805 
  0.0140087339105     -19.5689484237 
  0.0146955029976     -19.5577844818 
  0.0154190886782     -19.5451796595 
  0.0161744433951     -19.5303837937 
   0.016969611562     -19.5123334512 
  0.0178051610176      -19.490940723 
  0.0186773548039     -19.4671931229 
    0.01959716432     -19.4416450785 
  0.0205564660699     -19.4158309182 
  0.0215684767072     -19.3939552202 
  0.0226289580551      -19.372990951 
  0.0237371227111     -19.3479673201 
  0.0249048412375     -19.3238751637 
  0.0261258067913     -19.3038211615 
   0.027406560628     -19.2825958457 
  0.0287557002487     -19.2567375126 
  0.0301644535214     -19.2281072691 
  0.0316522452546     -19.2024517123 
  0.0332094803528     -19.1842467898 
  0.0348344090551     -19.1630421529 
  0.0365530742431     -19.1338067589 
  0.0383369011729     -19.1064923042 
  0.0402325890013      -19.087013057 
   0.042207880541     -19.0710953451 
   0.044279307137     -19.0579022342 
  0.0464458787401     -19.0471629722 
  0.0487309166246     -19.0387080111 
  0.0511373816431     -19.0342293677 
  0.0536355586157     -19.0365604901 
  0.0562511198074     -19.0399426268 
  0.0590199573109     -19.0430508983 
  0.0619488878912     -19.0441213729 
  0.0649513999202     -19.0439527555 
  0.0681576769544     -19.0442537913 
  0.0715281115291     -19.0440409957 
  0.0750014930766     -19.0441292538 
  0.0786932764145      -19.045246638 
  0.0825424040652     -19.0473788914 
  0.0866224468517     -19.0500422375 
   0.090854251334     -19.0546054903 
  0.0953508570556     -19.0586627018 
   0.100029433686     -19.0649089347 
   0.104948536322     -19.0723415907 
   0.110096428764     -19.0787652826 
    0.11551123601     -19.0847693266 
   0.121179274053     -19.0916920855 
   0.127130041975     -19.0987269848 
   0.133382339122     -19.1055816446 
   0.139936753821     -19.1137768323 
   0.146789326817     -19.1230530255 
   0.154008474038     -19.1340820006 
   0.161572365404     -19.1467537686 
   0.169506722634      -19.161765214 
   0.177843118829     -19.1783928717 
   0.186582338428     -19.1945913203 
   0.195719102423     -19.2159730082 
   0.205333064642     -19.2465053696 
   0.215429820539     -19.2822337968 
   0.226008963512     -19.3263896874 
   0.237124158439      -19.367304176 
   0.248776451237     -19.3846139482 
    0.26095880323     -19.3880246114 
   0.273818551947     -19.3907670271 
   0.287285038108     -19.3931200647 
   0.301345284683     -19.3951975304 
   0.316192970465     -19.3968117931 
   0.331732122636     -19.3962880508 
   0.347945070974     -19.3946167311 
   0.365091402596     -19.3919401968 
   0.383046717478     -19.3889584454 
    0.40179371291     -19.3893631146 
   0.421493127142     -19.3928965719 
   0.442148539971     -19.3959339247 
   0.463985815112     -19.3991971875 
   0.486788536795     -19.4053696091 
   0.510514364639     -19.4144838737 
   0.535724950547     -19.4261806589 
   0.562164183146     -19.4390405448 
   0.589817566913      -19.450468744 
   0.618647753483     -19.4674737853 
   0.649051382393     -19.4906211277 
   0.681067369866     -19.5217270969 
   0.714159985016     -19.5690244267 
   0.749398142171     -19.7843368731 
   0.786253788507     -19.8548025521 
    0.82467705057     -19.9856601781 
   0.828870158431     -20.0104366355 
    0.83292336881     -20.0287776807 
   0.836970288381      -20.047436541 
   0.841025676388     -20.0664120695 
   0.845073531183     -20.0857353644 
   0.849128888798     -20.1051646151 
   0.853175426116     -20.1239173626 
   0.857228458835     -20.1418609471 
   0.861279479869     -20.1605314172 
   0.865401843191     -20.1799545499 
   0.869580453919     -20.2140602985 
   0.873833129608     -20.2451242739 
   0.878076836462     -20.2733687354 
   0.882327789388     -20.3026706195 
   0.886576972204     -20.3331764416 
   0.888175575907     -20.3133749697 
   0.890832444601     -20.3306319578 
   0.895085004008     -20.3604076366 
   0.899333978979     -20.3882080152 
    0.90357868626      -20.417001327 
   0.907637590518     -20.4469118389 
   0.912289905574     -20.5044274682 
   0.916748463193     -20.5579575362 
    0.92120797493     -20.6072567493 
   0.925666889344     -20.6614747574 
   0.930125505376     -20.7219458528 
   0.934584146158     -20.7904580317 
    0.93703664872     -20.8154326077 
    0.93904315945     -20.8429714702 
   0.943501941199     -20.9103191966 
   0.947960861964     -20.9880187856 
   0.952412354599     -21.0802803702 
   0.953132583338     -21.0994902259 
   0.953845914826     -21.1200814303 
   0.954559314931       -21.14046892 
   0.955272781563     -21.1606498201 
   0.955986312626      -21.180609241 
   0.956699906017     -21.2003450234 
   0.957412553732     -21.2198453586 
   0.958126263945      -21.239101999 
   0.958840030135     -21.2581096955 
   0.959532632284     -21.2661598296 
   0.960772926701     -21.2969613203 
   0.961993073661     -21.3267463088 
   0.963213269279     -21.3556515621 
   0.964433502118     -21.3836420318 
   0.965653760682     -21.4106846178 
   0.966874033416     -21.4367489449 
   0.968094308707     -21.4618079704 
   0.969314574882     -21.4858389689 
   0.970534820211       -21.50882195 
   0.971708403583     -21.5235881426 
   0.972494446226     -21.5361356188 
   0.973233946237     -21.5482935434 
   0.973973530764     -21.5600594607 
   0.974713197627     -21.5714346627 
    0.97545190048     -21.5824194743 
   0.976191723859     -21.5930153002 
   0.976931622988     -21.6032255457 
   0.977670546744     -21.6130529314 
    0.97841058915     -21.6225017682 
   0.979121243022     -21.6263790547 
   0.979627529517     -21.6319423772 
   0.980105877163     -21.6373914014 
   0.980583637013      -21.642690667 
   0.981061862866     -21.6478418638 
   0.981540555404     -21.6528472399 
   0.982018657046     -21.6577073216 
   0.982496165382     -21.6624247902 
   0.982974138322     -21.6670009181 
   0.983452576546     -21.6714390839 
   0.983878364155     -21.6717177013 
   0.984254553004     -21.6745069008 
   0.984578901291     -21.6772601907 
   0.984902398931     -21.6799540497 
   0.985227174409      -21.682587257 
   0.985551098258     -21.6851630018 
   0.985875235177     -21.6876802583 
   0.986199585377     -21.6901411315 
   0.986524149068     -21.6925447714 
   0.986847857763     -21.6948923462 
   0.987182473058     -21.6939241045 
   0.987408172467     -21.6955436851 
   0.987643608792     -21.6971375372 
   0.987880228349     -21.6987049847 
   0.988115889867     -21.7002435916 
   0.988351663847     -21.7017551656 
    0.98858755037     -21.7032396059 
   0.988823549516     -21.7046965145 
   0.989059661366     -21.7061278545 
   0.989294811997     -21.7075323761 
    0.98954081972     -21.7061755111 
   0.999197522895     -21.7434982194 
    1.04395479537     -21.7368932408 
    1.09514258007     -21.7295227357 
    1.14899526022     -21.7190259748 
    1.20538113873      -21.709095493 
    1.26459636536     -21.6997374327 
    1.32663872599     -21.6892180481 
    1.39188657535     -21.6769340512 
    1.46013161493     -21.6664157622 
    1.53205807142     -21.6570888607 
    1.60717485164     -21.6499677328 
     1.6862844946     -21.6422191617 
    1.76910918439     -21.6354776064 
    1.85594326045     -21.6270770727 
    1.94715414718      -21.611020549 
    2.04274409523     -21.5972481892 
    2.14315178946     -21.5844798925 
    2.24837932613     -21.5711529903 
    2.35835440186     -21.5535168019 
     2.4742550662     -21.5287886013 
    2.59620552957     -21.4967941193 
    2.72345529253     -21.4559475605 
    2.85753571929     -21.4102987888 
    2.99759256868     -21.6198345881 
    3.14447253582     -21.6450178481 
    3.29930536162     -21.6950091124 
    3.31548666511     -21.7053487914 
    3.33168129426     -21.7119070531 
    3.34788730337     -21.7186652753 
    3.36409028644     -21.7255838374 
    3.38030039424     -21.7327037624 
    3.39650289561     -21.7406692122 
    3.41270809476      -21.749703976 
    3.42891383534     -21.7593605164 
    3.44511791947     -21.7694022732 
    3.46095002233     -21.7798388757 
    3.47832181568     -21.7929746512 
    3.49531911151     -21.8042487407 
    3.51232088341     -21.8159160542 
    3.52932482651     -21.8279309571 
    3.54632859025     -21.8404293567 
    3.55408791295     -21.7332702596 
     3.5633297784      -21.737588988 
    3.58032594906     -21.7465618732 
    3.59732881548     -21.7563248242 
    3.61432191269     -21.7665199109 
    3.63199737298     -21.7769117688 
     3.6491596223      -21.785225461 
    3.66700123088     -21.7966715058 
    3.68482444968     -21.8087453853 
    3.70267131855     -21.8213812023 
    3.72049442654     -21.8348529893 
    3.73833658463     -21.8490479772 
    3.74853204805     -21.7927779952 
     3.7561648965      -21.798033535 
     3.7740077648     -21.8102862433 
    3.79184739238      -21.823274808 
     3.8096494184     -21.8368639406 
    3.81253432104     -21.8262066674 
    3.81539164663     -21.8283243632 
    3.81823725972     -21.8304658514 
    3.82108712065     -21.8326275848 
    3.82394123891       -21.83480753 
    3.82679962407     -21.8370082694 
    3.82964619136     -21.8392314008 
    3.83249699664     -21.8414733337 
     3.8353520494      -21.843732354 
    3.83853471306     -21.8034342795 
    3.84309981056      -21.806937429 
    3.84796823248     -21.8103382124 
    3.85284900464     -21.8137808169 
    3.85774217409     -21.8172596978 
    3.86261504273     -21.8207806164 
    3.86750023716     -21.8243364653 
    3.87238134869     -21.8279317766 
    3.87725829953     -21.8315624934 
    3.88213101161     -21.8352289502 
    3.88766271707     -21.8084333479 
    3.88996948224     -21.8106799818 
    3.89292746966     -21.8127076276 
    3.89588995909     -21.8147448094 
    3.89885696081     -21.8167892963 
    3.90181177855     -21.8188471763 
     3.9047710784     -21.8209146194 
    3.90771811336     -21.8229911219 
    3.91068638263     -21.8250757453 
     3.9136423566     -21.8271695183 
    3.91606420662     -21.8068046967 
    3.91850590561     -21.8078646017 
    3.92042772523     -21.8091212685 
    3.92233454805      -21.810383394 
    3.92424322667     -21.8116474391 
    3.92615376378     -21.8129155285 
     3.9280661621     -21.8141853517 
    3.92998042437     -21.8154569055 
    3.93189655329     -21.8167327414 
    3.93381455161     -21.8180124803 
    3.93636345953     -21.8015783853 
    3.93702671673     -21.8025422032 
    3.93831986032     -21.8033601011 
    3.93961385368     -21.8041807145 
    3.94090869763      -21.805001757 
    3.94220439303     -21.8058232252 
    3.94350094071     -21.8066453147 
    3.94479834151     -21.8074699435 
    3.94609659627     -21.8082950001 
    3.94739570584     -21.8091204811 
    3.94830217019     -21.7961334567 
    3.94963696951      -21.796546088 
    3.95057871685     -21.7971217326 
     3.9515209134     -21.7976962711 
    3.95246355947     -21.7982702824 
    3.95340665539     -21.7988475427 
    3.95435020148     -21.7994219922 
    3.95529419806     -21.7999996993 
    3.95623864546     -21.8005766804 
      3.957183544     -21.8011550313 
    3.95859314023     -21.7904021381 
    3.99679009158     -21.8136318071 
    4.19359475785     -21.9866094425 
    4.39801226293     -22.0339109648 
    4.61401590319     -22.0232724346 
    4.84201987715     -21.9949377512 
    5.07953255786      -21.962984043 
    5.32905345544     -21.9306945675 
    5.59060209129     -21.8991068419 
    5.86401635058     -21.8684353402 
    6.15305969534     -21.8382046962 
    6.45374037451     -21.8091287967 
    6.77522781324     -21.7799409845 
    7.10263554856     -21.7525169851 
    7.45718609558     -21.7242557844 
    7.82204412773     -21.6970543305 
    8.20223349127     -21.6703551368 
    8.60498716601     -21.6431972641 
    9.03139881943      -21.615513186 
    9.47362658156     -21.5882048994 
    9.93966122251     -21.5604244455 
     10.427602024     -21.5741841493 
     10.939593528     -21.5876683997 
    11.4769287264     -21.6010954615 
    12.0410695148     -21.6144706525 
    12.6319398514     -21.6279619814 
      13.25288163     -21.6416762465 
    13.9039997083     -21.6557161172 
    14.5849574405      -21.670215859 
    15.3025716353     -21.6852164728 
    16.0547593531     -21.7009544347 
    16.8410301401     -21.7174038296 
      17.67050884     -21.7345932504 
    18.5367807339     -21.7526097353 
    19.4466099206     -21.7711585099 
    20.4045710005     -21.7906765731 
    21.4063458041     -21.8110877673 
    22.4560902139     -21.8326215342 
    23.5591556587     -21.8549504584 
    24.7157076452     -21.8782719765 
    25.9325025862     -21.9023675146 
    27.2020340561     -21.9270860261 
    28.5395596893     -21.9526617918 
    29.9463733447     -21.9789262412 
     31.412207545     -22.0057186137 
    32.9572564514     -22.0332392344 
     34.570111566     -22.0612774752 
     36.276597965     -22.0898150536 
    38.0487741495     -22.1185750183 
    39.9153806781     -22.1480282465 
    41.8781314743     -22.1775495847 
    43.9377117107      -22.207710817 
     46.093482088      -22.237739051 
    48.3687972866     -22.2682576466 
    50.7387606281     -22.2989831946 
     53.228279257     -22.3298662166 
    55.8375086324     -22.3608845708 
    58.6024527897     -22.3920639681 
    61.4476157033     -22.4233299736 
    64.4917297155     -22.4547187696 
    67.6516808374     -22.4861414028 
    70.9710390094      -22.517580095 
    74.4500115098      -22.549031272 
    78.0863873933     -22.5805608119 
    81.9485738202     -22.6121739645 
    85.9686925359     -22.6436379124 
     90.224568404       -22.67505774 
    94.6280520125      -22.706355994 
    99.2774965552     -22.7377911454 
    104.156834024     -22.7690894802 
    109.277867955     -22.8002188793 
    114.639343424     -22.8312582441 
    120.267670698     -22.8623003913 
    126.179471183     -22.8930208905 
    132.374802568     -22.9234145956 
     138.87048779     -22.9535988331 
    145.686353458     -22.9837669088 
    152.846048454     -23.0131454827 
    160.349840028     -23.0423318868 
    168.223766085     -23.0707283062 
    176.499736758      -23.098202871 
    185.179463703     -23.1242327432 
    194.258823466     -23.1467660631 
    203.817522004     -23.1622212133 
    213.812327752     -23.1744714367 
    224.339768804     -23.1856684736 
     235.34817688     -23.1960800329 
     246.88922809     -23.2067156356 
    259.030170802     -23.2157623822 
    271.695927513     -23.2249685344 
    285.038517635     -23.2355557478 
    299.070607443     -23.2464075187 
    313.797569174     -23.2563300067 
    329.215368815     -23.2664117592 
    345.308124623     -23.2762576927 
    362.333256811     -23.2868567507 
    380.170271539     -23.2979681453 
    398.804438022     -23.3095850322 
    418.396758898     -23.3216339029 
    438.953825087       -23.33416658 
    460.468994886     -23.3476883894 
    483.175048187     -23.3629741063 
    506.823215172     -23.3792613102 
    531.661692462     -23.3943453615 
    557.691640686     -23.4053642767 
    585.271766782     -23.4134244773 
    614.062089542     -23.4217028486 
    644.005753272      -23.429452912 
    675.513818295     -23.4365965811 
    709.158086288     -23.4443005105 
    743.892359902     -23.4524740077 
    780.195326096     -23.4605336621 
    818.749452722     -23.4680041034 
    858.876664355     -23.4747775811 
    901.353255074     -23.4812295658 
    945.298901328     -23.4874325418 
    991.694570552     -23.4936477955 
    1040.37919954     -23.4998870174 
    1091.46980582     -23.5060637757 
    1145.09693501     -23.5122550578 
    1201.40822792     -23.5189209221 
     1260.3985351     -23.5262295489 
    1322.21146384     -23.5342188603 
    1387.22505843     -23.5431649288 
    1455.23497426     -23.5533637619 
    1526.66801957     -23.5650840016 
    1601.80724359       -23.57809048 
    1680.37643533     -23.5920359819 
    1762.94861846     -23.6067381545 
    1849.53955933     -23.6226199421 
    1940.51989114     -23.6400131591 
    2035.89843807     -23.6581321304 
    2135.61786004      -23.676822111 
    2240.63963826     -23.6969229232 
    2350.44658468     -23.7183692276 
    2466.21959643     -23.7406665271 
    2587.35985486     -23.7627078525 
    2714.53125076     -23.7847968062 
    2847.71294025     -23.8082171489 
    2987.76439633     -23.8323489161 
    3133.65935653     -23.8565520528 
    3288.58946546      -23.880439335 
    3449.16026071     -23.9044273634 
    3619.01565083     -23.9291998844 
      3796.950587     -23.9544732904 
    3982.81530105     -23.9803746672 
    4178.21247538     -24.0065404334 
    4383.20414084     -24.0328976677 
     4600.0410948     -24.0593556112 
    4826.63210212     -24.0866658362 
    5062.60078267     -24.1143406752 
     5310.4204014     -24.1422511658 
    5573.50544881     -24.1707182654 
    5845.20937062     -24.1990331767 
    6132.35626433     -24.2273175114 
    6435.50946949      -24.256743958 
    6750.13437689      -24.287138422 
     7080.5605352     -24.3173503904 
    7426.79821418     -24.3472844644 
    7795.27922053     -24.3776670526 
     8180.1448912     -24.4081439862 
    8580.67929266      -24.439395027 
    8995.73683001     -24.4723038516 
     9442.2147019     -24.5051885905 
    9905.08848783      -24.537237644 
    10391.9277099     -24.5689277426 
    10902.9449734     -24.6012628093 
    11438.0336498     -24.6348050276 
    11999.8438357     -24.6681372421 
    12588.3152491     -24.7009749269 
    13206.7846504      -24.733872327 
     13855.376933     -24.7668780833 
    14536.1005085     -24.7998309693 
    15251.3496382     -24.8328167765 
    15998.3873048     -24.8656161035 
    16785.1932378     -24.8987134185 
    17609.0462006     -24.9323617972 
    18476.6451922     -24.9666905191 
    19380.4368541     -25.0023704103 
    20336.2673707     -25.0386673367 
     21331.183073     -25.0747216824 
    22378.8836169     -25.1113162925 
    23480.2406823     -25.1483943531 
     24635.526923     -25.1864327993 
    25844.2467635     -25.2257390757 
    27113.0062743      -25.265179467 
    28441.5774307     -25.3051865944 
    29838.5114892     -25.3454938775 
    31304.2988966     -25.3871970202 
    32838.4915632     -25.4308376764 
    34452.4816968     -25.4756111867 
    36147.0900785     -25.5205405286 
     37922.103241     -25.5656114409 
    39793.3685974     -25.6113453611 
    41743.8452075     -25.6587677337 
    43789.9154676     -25.7077576779 
    45954.0161815     -25.7585885813 
    48189.7483279     -25.8117958555 
    50569.8191387     -25.8664727932 
    53042.3830547      -25.922785284 
     55666.960347     -25.9803934923 
    58377.2031313     -26.0394415256 
       61241.1385     -26.1010180401 
    64264.3258731     -26.1639475929 
    67401.4897101     -26.2285134473 
    70750.6320559     -26.2952443842 
     74207.503329     -26.3635790487 
    77819.6533629     -26.4343519184 
    81654.8513333     -26.5074948157 
    85726.0715786     -26.5829510302 
    89868.6529468     -26.6611092788 
    94314.6492321     -26.7419521639 
     98943.337772     -26.8264262815 
    103800.904531     -26.9141836344 
    108899.156415     -27.0051659022 
    114251.271424     -27.1015224843 
    119856.391014     -27.1995718711 
    125744.189441     -27.2971124149 
    131934.000417     -27.3963212375 
    138406.461252     -27.4923341403 
     145198.87522     -27.5837357765 
    152335.028566     -27.6676029426 
    159815.528039     -27.7394711558 
    167666.631257     -27.7988215433 
    175886.535588     -27.8456226704 
    184541.948335      -27.878863357 
    193598.500293     -27.9115707092 
    203090.737883     -27.9441288803 
     213112.28739     -27.9769099945 
    223569.220039     -28.0095268825 
    234560.654023     -28.0422590051 
     246022.71622     -28.0749038469 
     258149.61498     -28.1075769076 
    270807.768464     -28.1403132739 
     284149.71652     -28.1729792632 
    298092.293386     -28.2057182111 
    312720.707234      -28.238340171 
    328030.288294     -28.2710005737 
     344134.49429     -28.2773721054 
    361041.260254     -28.2773721054 
    378748.188229     -28.2773721054 
    397413.057514     -28.2773721054 
    416865.572223     -28.2773721054 
    437478.704215     -28.2773721054 
    458845.992387     -28.2773721054 
    481388.347005     -28.2773721054 
    505137.550377     -28.2773721054 
    529807.058651     -28.2773721054 
    555990.323905     -28.2773721054 
    583398.297619     -28.2773721054 
    612000.094614     -28.2773721054 
    3672987.26675     -28.2773721054 
